100
4
10 5 15 5
2
100 100
8
81 81 81 81 81 81 81 0
6
23 90 40 0 100 9
2
0 0
10
100 0 100 0 100 0 100 0 100 0
10
100 100 100 100 100 100 100 100 100 0
5
11 84 60 90 85
6
82 56 80 65 5 14
7
21 55 8 34 41 83 41
8
58 6 20 65 52 11 33 18
9
66 50 14 31 79 2 97 98 57
10
42 79 82 91 10 61 57 12 45 54
10
67 28 1 86 91 47 69 28 84 65
10
35 62 62 15 79 44 73 76 21 80
10
98 64 80 61 1 63 87 28 97 53
10
45 83 51 23 0 0 13 73 46 78
10
29 98 19 20 70 29 56 71 44 48
10
40 69 41 63 78 9 62 20 3 47
10
17 86 40 94 2 3 21 89 50 81
10
10 16 56 72 71 56 7 50 24 37
10
88 91 40 42 19 74 38 78 26 6
10
4 37 96 63 63 90 75 61 91 53
10
3 54 64 49 15 61 11 49 9 82
10
96 21 52 44 71 95 81 46 65 48
10
66 61 52 82 73 47 78 43 3 66
10
96 13 45 6 3 51 83 56 27 87
10
56 30 2 31 30 34 61 88 70 32
10
96 21 96 2 70 12 41 44 27 70
10
53 64 72 10 23 85 90 46 15 93
10
48 43 49 60 36 76 54 79 98 46
10
78 19 72 25 65 14 85 77 74 90
10
57 43 12 13 12 47 2 16 58 88
10
30 68 68 24 83 61 32 6 74 98
10
41 21 28 32 33 57 5 67 29 11
10
63 91 86 40 88 83 96 99 4 5
10
85 97 50 44 16 45 90 63 24 3
10
98 9 12 64 98 3 75 46 81 60
10
54 39 99 8 22 35 2 36 91 73
10
87 16 7 46 50 71 61 15 62 88
10
43 60 12 95 79 72 80 34 76 36
10
48 55 87 47 59 10 84 73 40 40
10
21 40 70 4 81 73 46 46 16 16
10
96 77 22 22 48 89 76 63 4 1
10
42 98 71 42 29 53 84 2 9 21
10
49 94 71 94 27 57 80 43 51 77
10
87 89 75 87 94 50 56 5 37 78
10
69 10 28 5 3 92 29 24 95 37
10
66 8 91 15 37 90 96 80 99 61
10
33 59 31 50 88 53 41 5 70 84
10
27 83 24 82 10 71 18 79 51 30
10
75 3 78 7 77 78 73 63 79 14
10
0 73 43 87 93 2 17 5 97 4
10
84 52 56 65 38 49 66 96 41 3
10
35 80 88 79 16 3 76 93 92 87
10
65 20 83 33 42 7 54 0 48 11
10
4 37 15 78 59 19 17 97 86 14
10
82 55 59 70 17 53 47 43 62 85
10
61 51 91 62 24 53 40 62 57 74
10
62 86 57 31 3 62 64 30 14 42
10
85 80 90 18 39 98 63 28 13 84
10
94 67 25 12 43 80 53 31 48 61
10
64 86 0 65 24 7 32 1 54 28
10
99 15 40 50 57 77 61 42 61 81
10
82 24 88 60 34 63 48 78 24 25
10
65 52 23 19 83 0 8 46 95 49
10
62 85 97 64 43 11 29 55 38 52
10
71 87 7 47 87 88 3 86 4 22
10
89 25 60 73 0 75 79 93 47 7
10
4 90 4 58 1 60 89 63 81 79
10
12 73 31 70 32 83 9 90 24 17
10
21 10 73 7 3 34 27 99 19 86
10
17 92 0 4 92 70 3 69 88 15
10
35 13 38 97 1 72 94 62 79 58
10
43 80 77 91 38 12 70 90 7 91
10
40 27 82 40 36 13 47 87 54 28
10
94 52 25 73 40 80 4 85 88 92
10
29 22 85 41 57 22 12 40 69 90
10
99 21 12 83 75 75 56 18 0 66
10
27 57 75 62 94 98 86 11 89 10
10
52 52 8 5 42 6 98 1 65 22
10
20 64 11 43 83 65 16 4 46 69
10
36 11 62 4 99 9 92 99 96 51
10
15 64 2 32 50 58 32 62 73 34
10
98 2 75 46 56 21 53 13 75 99
10
88 85 81 95 49 56 11 90 15 93
10
96 82 22 92 81 13 97 51 28 9
10
37 70 46 20 37 70 5 95 80 65
10
59 96 71 8 55 48 45 39 53 2
10
33 19 73 6 30 28 87 29 72 4
10
11 29 13 41 14 8 96 58 73 63
10
54 49 9 37 4 86 6 64 34 21
10
55 90 40 3 82 50 62 40 43 73
10
11 60 97 16 53 56 5 26 32 49
10
32 22 13 4 93 34 45 29 9 32
10
71 89 79 95 93 41 36 16 18 66
10
85 87 42 53 90 60 64 86 9 92
10
59 98 24 2 36 7 73 82 92 21
10
7 23 21 49 57 55 20 9 74 27
10
60 94 22 20 29 43 29 31 86 10
