100
5
0 0
10 0
10 10
0 10
5 5
11
744449 1000000
-441502 -105053
-266565 1000000
850739 1000000
-486197 -665677
-451752 -637259
-28188 350876
-599500 -777174
-329809 1000000
-589735 1000000
-720760 27951
8
955343 -1000000
491715 -1000000
-109376 -1000000
-785381 -1000000
-968556 753615
245192 -1000000
-185725 623836
597452 340865
11
-170412 581259
100003 -148241
310620 738587
-364786 -1000000
-784976 587711
-754977 952916
-868077 -1000000
-242434 231237
-567715 612534
-475608 -1000000
917003 -715383
15
-608194 299869
-919853 -532641
-307593 -138788
-706778 303309
946393 621042
-981415 -636272
-830630 11182
849214 -901303
233724 557228
252155 -284829
268479 8632
-833857 100856
-325091 313935
-944824 621540
125606 96875
8
834028 -177609
473495 -173582
-939024 469512
363374 265283
141558 -70779
957150 -478575
101004 -50502
760452 -380226
6
837740 118696
-994865 -678399
568 559381
-994865 492846
-182391 797847
-994865 846651
15
862133 431300
-227961 619978
-214468 -624862
67437 -596390
-709231 -116858
77895 -205501
-834950 -598879
-59339 -294777
-843668 -121147
-743325 -526950
722391 -319385
-509530 -315342
-830348 -318014
-397775 -852828
-563468 405626
15
-548285 -768539
-696092 -502950
-302580 565326
946670 -105327
959466 -208672
154667 -137369
487930 -760825
318414 -310557
619759 -784792
-598030 -823113
987544 -818327
54756 -160454
-55104 659754
-698274 196005
-76005 866039
9
-410509 -297784
-610848 -829777
332539 -334478
705904 615422
-546536 -740796
498301 615422
229890 615422
-222603 604184
-346690 -947661
9
-282199 -542996
457289 621301
857691 -322058
-421148 -11473
-903569 -722581
247829 -810032
-256040 353390
-434905 -88054
624489 239251
5
-847596 981468
400215 480258
-489685 191559
-38503 751983
-292491 834272
12
989069 451276
250260 -166840
-887315 717423
322221 -108554
766607 -10898
-80754 53836
611178 -407452
956552 414862
619359 -353450
-217746 145164
45640 439500
87162 -58108
14
261150 52230
136220 27244
220440 44088
-318365 -63673
-280800 -56160
660910 132182
-237910 -47582
-377960 -75592
-96050 -19210
496980 99396
-905370 -181074
-781325 -156265
375730 75146
-137255 -27451
13
1000000 714781
-774539 592092
-958126 404418
1000000 -108798
1000000 887285
-105144 -392956
-170055 661391
1000000 -414361
1000000 272083
420325 228164
-695840 -41030
1000000 -886237
757247 -835478
14
767652 165700
526752 -202883
-789012 604030
136284 8889
262549 -682438
697852 184955
116498 -456461
-184842 636141
-212116 -78022
945328 -295872
65695 -8673
374600 481553
-360554 22890
-90773 194476
6
388690 -18730
791077 444403
663233 -553617
580972 932446
-165139 668261
934804 573296
15
597446 694037
-279087 -71818
-282354 711816
776238 244344
-331864 555196
-307445 -801532
-297565 192369
258768 32610
941429 -694347
-295711 -319583
-728710 518144
151290 674915
-270094 931803
86910 809247
501009 647555
6
164945 1000000
551716 -160741
-544480 1000000
-854663 773934
505879 -752834
-705720 903580
9
428038 113440
-933080 -400474
51616 -1000000
895034 -312493
-658268 -1000000
-623633 -1000000
461828 609860
139815 -1000000
-994522 -1000000
15
-881016 78260
31068 926139
-123732 -38655
-92555 -886471
-731088 -64666
801555 419530
-946316 -419418
458961 -672411
933560 -771051
770434 -831485
-214492 321542
373613 611145
646349 -917641
69859 688770
678946 -965122
13
503484 -473234
-234953 851336
707255 -366512
-333049 -56030
-292474 58167
44353 506259
-521016 261871
-180500 -453994
906479 904930
-782014 -457466
302083 407076
697398 -294882
788261 -742636
8
365692 -274269
95908 -71931
-674751 812983
107867 443092
-179188 134391
-878576 658932
-374552 280914
467328 -350496
2
-433602 1000000
-110050 1000000
15
-795739 786212
-27272 688486
866191 616631
-387789 -2624
-959579 -830589
-725202 179161
751447 -390411
177403 102301
-664504 537387
-921259 303743
-290408 513110
273311 -805437
-347129 -388389
-920368 -105725
378112 -199421
4
-885724 -896506
-284365 -788506
693581 -458306
568471 -723012
5
-153713 -614852
177190 708760
-59144 -236576
-270329 63022
35140 140560
15
-29056 955683
572190 638735
113534 871031
-26913 133853
451759 554862
-556484 -93418
674997 343719
997772 -655412
-996565 -962369
21112 -662079
645103 531460
363930 832321
-609171 -592998
830187 -891634
-276055 985334
6
-713839 942183
87673 -644592
248869 365003
-195238 763644
392087 559229
945334 268409
6
702873 -1000000
-432919 -1000000
-787675 -1000000
881061 -1000000
257913 -1000000
245781 -1000000
15
568035 -165916
325877 -234620
558870 42255
769143 -166551
-49655 -781235
-14702 -367341
592312 -70346
-185127 -895911
-40373 -743867
-759890 -411549
-349938 -560678
341482 -726413
958313 -329419
187971 84300
338815 877726
4
-350691 -769760
1000000 645498
1000000 112267
1000000 587174
15
-400982 667174
156027 460262
244752 629294
-114937 -853128
-303721 488132
-389164 160435
-376807 -322669
227233 -314932
-370531 496286
-423153 149710
620365 -285667
245286 -140938
421495 -28253
-401377 11321
917383 909744
6
351943 793805
-477016 -648037
-526115 -13071
-152894 -125099
524207 -530433
232743 -601440
7
-736826 180036
564531 180036
138652 180036
310960 180036
260561 180036
-183609 180036
-738113 180036
2
-55823 -603868
-290728 -112867
15
-751438 11787
616315 -577729
747679 561621
6123 -443482
307242 -831618
217749 -688287
-224917 530171
-434051 805383
-671498 -159747
824104 486296
691219 998569
-865009 227893
-567705 154457
-658459 -410262
-590700 299518
11
104449 -985599
104449 96202
104449 442587
104449 542837
104449 125608
104449 904742
104449 -610673
104449 -543864
104449 -397761
104449 496794
104449 -915173
15
-16463 27200
940076 395904
957230 992619
-36786 -325071
318620 -489367
-7473 -29271
-789347 766472
991478 -593287
63852 -583927
262556 595226
549775 729203
352730 -188666
288074 -242345
270080 -416968
-309535 -981290
10
197220 378426
459763 378426
-958052 378426
-467397 378426
-434876 378426
-257427 378426
-84476 378426
975369 378426
-968871 378426
186457 378426
9
-928265 577293
-912950 609918
-336391 632160
492852 202119
20460 450741
555108 499686
688270 642143
602440 -180732
643164 679638
6
259482 219298
-406703 604329
371748 604329
-525369 604329
727666 -682561
744844 604329
2
-322323 169526
248535 -492445
15
272330 816990
305176 915528
88098 264294
-320456 -961368
-133094 -399282
306280 918840
196374 589122
-133390 -400170
-93588 -280764
231264 693792
-315194 -945582
198718 596154
39026 117078
169480 508440
96990 290970
15
-104409 544747
-55270 315093
-713804 -40925
-419893 365404
-279040 -946315
-310283 659221
-393370 382827
281434 459369
488809 -746240
-304457 843758
-505126 144089
-603657 -896400
148502 811772
-710175 707106
-972188 521854
5
123690 -88350
438795 -313425
989366 -706690
824397 -588855
-353577 252555
1
57246 -1000000
15
959432 -227929
29948 -694763
-264330 -400957
677348 -353636
802917 176146
-537979 3733
-952443 889355
-626557 -373435
801039 784833
-3767 -734207
-123604 587921
-392656 440678
735225 302910
-487547 737693
479939 -280622
7
54430 -54430
-225815 225815
-132915 132915
-197745 197745
-206345 206345
641295 -641295
869895 -869895
15
531619 -867133
-762541 -956802
-826871 -437644
703983 793194
-259844 -357113
-324412 346659
185885 786090
208181 994307
-6969 813558
-467683 608394
-441520 -638733
-556507 -100377
838956 772610
928484 -616881
136596 -519656
15
287712 520710
-355213 -780728
-211887 -845596
439985 187759
158669 -327227
121667 821196
-761816 747858
-468807 870611
820284 786293
706559 881483
329688 -927804
-187456 113280
277599 185616
168990 277172
283557 117990
1
871679 -585668
10
610348 -598942
-513810 -371979
-640490 841430
-92755 702182
390093 628456
-781892 -224606
686901 389300
-943377 853366
177053 -839753
-540778 238282
1
-369542 938169
15
209670 -303035
300561 244855
641792 219073
-517154 418137
-434993 -165332
-727140 -585476
-748769 -511364
332575 -421038
822147 509022
290601 732943
-135960 658123
-528834 72897
467445 -587554
772338 726213
-486912 555302
15
107511 238470
376114 -529246
154739 666308
-19496 -563420
590189 -604577
793880 -443521
-470493 340121
-853976 -308578
-933787 623391
107922 354726
-625282 -366596
-605539 -70046
580587 4878
813423 -956104
391827 735071
3
-285616 -349795
-411262 159102
204791 -601494
15
-870593 -863345
955946 -45481
988535 159576
460998 439210
285558 695187
-552203 -689831
69886 864405
772340 916886
243690 -178334
-503263 426361
-817467 -947192
-862010 23562
-550429 -975525
-162123 594884
283773 503345
15
-111715 223188
406580 -663330
114809 395804
-583305 -47339
154893 242189
-203868 -991951
672197 747268
952568 845619
-762168 -75526
526071 655360
-850830 819039
774201 -762056
-710219 534106
310384 -141553
-729662 -580796
15
-630963 -813265
582804 -146589
-102228 -284694
-777334 276812
-78855 -919942
-699214 -259322
-142307 787656
553102 924214
246764 765750
-827706 156929
991909 -688372
-681266 973507
-309114 -820622
302698 -571799
-43576 -253288
8
421575 -302993
-821660 -993420
455173 -166689
444356 813325
621225 958692
43468 -737296
74678 816332
167030 -10989
1
-717928 -89741
10
331816 -880435
-207589 -880435
-275130 -880435
180008 -880435
22649 -880435
-32084 -880435
-224857 -880435
955805 -880435
-95955 -880435
-164998 -880435
4
736544 787362
-392545 140290
-562444 322220
666778 -617158
13
813757 608260
284939 493003
412403 -102988
-806782 684052
141854 204557
768122 216929
-360532 675360
-186814 522910
828583 599394
-281181 776731
486030 358953
437383 -467910
-411790 446987
6
-410352 -295074
854627 -295074
-45374 -545316
-383545 -430858
-452259 -823020
75235 -873565
10
-804026 -617467
-70206 710976
271627 995040
-749962 -753497
642517 -855142
218296 692245
-272723 14468
-786447 -332901
596325 906370
429226 -375070
13
883340 962334
691460 -207438
-643720 291041
-843604 514495
767020 -230106
-732858 257002
-24818 306852
310980 -93294
894770 -268431
526900 -158070
477756 -37516
137690 -41307
552383 244374
10
59440 -14860
600024 -150006
938532 -234633
-730868 182717
136468 -34117
985012 -246253
-596064 149016
-204312 51078
-238776 59694
-41016 10254
5
883714 -512574
608291 35953
-32664 -732332
938731 -492514
-32664 -746129
9
-954614 -177400
336279 -177400
21065 -177400
212185 25655
400161 183312
-539396 -177400
278989 801975
-639780 699142
-652649 -177400
15
-918527 405812
-82078 -45202
858261 -851477
747373 852381
-621496 848313
-551148 -186751
491291 533610
140453 -462475
-849772 -52843
927880 -959911
564788 -966163
752592 -983278
357975 -851209
337766 -437491
908138 -313699
15
-866051 139010
-370505 -574504
-198453 -349253
-280231 -651868
-502029 770536
-286523 -471272
-711495 860879
22951 469265
456377 123524
760117 339355
-141292 -668154
845508 -929346
-950426 -674662
-583176 430578
-883173 -9808
10
-661769 -1000000
-450182 -1000000
-298088 -1000000
-399833 -1000000
-979497 -1000000
616888 -1000000
479678 -1000000
348623 -1000000
27840 -1000000
-451788 -1000000
11
217356 -566231
351990 -15066
-141200 -14120
-315829 -867326
-865829 -991925
496320 49632
935695 -687701
-924930 -92493
350650 35065
-929381 -521106
257891 -477867
15
-35998 8474
631206 -375067
62840 -946095
-91084 73554
366840 84140
942704 723075
-6436 -840344
265172 290684
-463219 -338245
851760 931577
-236265 932551
-18621 453783
-996306 846396
-343204 -741960
13925 146656
15
-754129 581945
306441 -87095
-390894 890158
475342 210110
-781607 -557870
-307931 76707
-138013 827876
-182441 -28851
-581789 -231686
-499732 -109048
-233678 -233751
-704785 -477770
-474343 839060
-224034 -42801
-119978 33520
15
-605413 -1000000
-36665 -1000000
-770003 -1000000
-368266 -1000000
300498 -1000000
486819 -1000000
-514096 -1000000
36646 -1000000
-180024 -1000000
907148 -1000000
-39926 -1000000
617146 -1000000
-288530 -1000000
522678 -1000000
-989425 -1000000
5
648828 -253904
47024 -253904
625332 -253904
68331 -253904
-375065 -253904
13
600652 -600652
-734576 734576
125176 -125176
-308588 308588
759652 -759652
18800 -18800
-299244 299244
-219036 219036
-6004 6004
-268668 268668
-540680 540680
-177172 177172
-271804 271804
11
1000000 -392541
1000000 -32748
1000000 249583
1000000 -312517
1000000 -485165
1000000 -447042
1000000 515665
1000000 -449579
1000000 873076
1000000 119455
1000000 -582828
15
-996356 593962
-787424 -658135
-913793 -522899
862931 -187938
471080 954855
-732611 -343341
103012 178329
-384944 -998260
-457496 -664580
-624094 700363
606361 -107629
766972 -316394
-94733 -480297
-272383 -260580
-952177 -357478
6
132225 -56945
-645401 463763
757362 934789
-546728 -536305
134842 392431
657464 100504
4
-144840 1000000
-772 1000000
114793 1000000
897734 1000000
12
906905 -277815
906905 -723928
906905 -318744
906905 -230148
906905 -458363
906905 -729453
906905 849887
906905 -609674
906905 829716
906905 -219113
906905 -151683
906905 -691656
4
552972 394980
22707 -246149
602924 430660
469109 307711
10
-43038 534393
670986 199340
-449550 335315
-167791 527020
68294 -262120
592517 208312
961147 -111406
-732501 -262120
-170869 -130399
209653 585243
15
845929 108945
519912 -681332
-761779 -851831
-947778 -695208
52799 -594993
-727985 684781
-63463 257364
-707769 960909
-604228 504663
93344 -202349
-558095 -162794
-190577 996569
972221 -983526
-968317 -719350
-723995 506385
12
1000000 -526911
1000000 47181
1000000 -344594
1000000 -711810
1000000 330863
1000000 -219450
1000000 -316416
1000000 259801
1000000 426428
1000000 -32372
1000000 812680
1000000 866852
2
-833715 775874
265701 775874
8
-30840 -61680
83684 167368
379632 759264
72016 144032
290160 580320
-203256 -406512
-242752 -485504
-258084 -516168
15
-521254 981098
767159 535957
505174 -68835
118562 165506
-818681 -201462
-530083 126394
-274667 143055
663655 438443
810914 995617
-261384 -435761
-672112 305345
-868416 392591
-643244 -20550
-901829 214927
717758 513077
15
-894592 914771
-847545 914771
-546754 914771
421144 914771
184721 914771
-851899 914771
-106314 914771
-854356 914771
-837557 914771
-444499 914771
-259269 914771
518117 914771
273515 914771
-955277 914771
902165 914771
10
-67687 -748985
-750858 210759
-92563 -96003
946655 594397
925612 168010
844468 386057
-145751 901003
477444 -229079
-310909 89746
-988478 507166
4
813998 -1000000
733502 -1000000
-842318 -1000000
362253 473563
6
-291051 322580
289109 151762
-317581 170099
941825 -459113
646668 734247
-757351 -542700
8
403563 948849
170099 948849
885728 948849
188807 948849
-780813 -783245
670468 26075
-173839 948849
-301979 948849
6
-777048 -864578
510878 -290915
-170992 -108365
594087 -955236
-70144 -406651
431393 -519201
15
441593 958176
486390 536194
777025 520531
-16472 493277
682213 648147
-578311 -821092
240848 -974939
-123292 -736709
548046 219855
733641 -15228
208350 -435984
-727899 -154965
793843 978957
277597 -470177
-978515 -466294
15
805978 -972635
-538362 -605639
-332103 940977
-495068 -286728
141349 142973
-434987 -975574
680342 681014
-380538 364065
854257 545611
-375178 -805180
-339829 183950
-262162 658916
982531 313957
929638 -814888
182389 26288
